((("def" .
   [2 0 0])
  ("field" .
   [6 0 0 0 0])
  ("val" .
   [6 0 0])
  ("if" .
   [4 0])
  ("length" .
   [1 0 0 0 0 0])
  ("JSON" .
   [6 0 0 0])
  ("stringify" .
   [6 0 0 0 0 0 0 0 0])
  ("alert" .
   [10 0 0 0 0])
  ("find" .
   [1 0 0 0])
  ("value" .
   [1 0 0 0 0])
  ("text" .
   [3 0 0 0])
  ("var" .
   [3 0 0])
  ("select" .
   [7 0 0 0 0 0])
  ("function" .
   [1 0 0 0 0 0 0 0])
  ("case" .
   [3 0 0 0])
  ("break" .
   [4 0 0 0 0])
  ("default" .
   [1 0 0 0 0 0 0])
  ("options" .
   [4 0 0 0 0 0 0])
  ("s" .
   [2])
  ("searchbox_class" .
   [4 0 0 0 0 0 0 0 0 0 0 0 0 0 0])
  ("q" .
   [1])
  ("qs" .
   [7 0])
  ("push" .
   [3 0 0 0])
  ("fields" .
   [1 0 0 0 0 0])
  ("data" .
   [1 0 0 0])
  ("return" .
   [6 0 0 0 0 0])))
